B: 0.9466019417475728
CB: 0.6
D: 0.12135922330097086
I_z: 321.34190338712233
L: 3.6
T: 0.1
TWIN: 1
m: 204.46601941747574
rho: 1000
volume: 0.20446601941747575
w_p0: 0.151
x_G: 0.2
x_p: -2.42219908951329
x_r: -1.4400000000000002